Day #,Date,Par lien épidémiologique,En laboratoire,Total Cases
1,2020-02-24,0,0,0
2,2020-02-25,0,1,1
3,2020-02-26,0,0,0
4,2020-02-27,0,0,0
5,2020-02-28,0,1,1
6,2020-02-29,0,0,0
7,2020-03-01,1,0,1
8,2020-03-02,0,3,3
9,2020-03-03,0,2,2
10,2020-03-04,0,2,2
11,2020-03-05,0,1,1
12,2020-03-06,0,2,2
13,2020-03-07,0,0,0
14,2020-03-08,0,1,1
15,2020-03-09,0,1,1
16,2020-03-10,1,1,2
17,2020-03-11,0,10,10
18,2020-03-12,0,6,6
19,2020-03-13,0,4,4
20,2020-03-14,0,19,19
21,2020-03-15,0,13,13
22,2020-03-16,0,17,17
23,2020-03-17,0,44,44
24,2020-03-18,1,40,41
25,2020-03-19,1,73,74
26,2020-03-20,8,122,130
27,2020-03-21,2,184,186
28,2020-03-22,1,238,239
29,2020-03-23,8,338,346
30,2020-03-24,10,259,269
31,2020-03-25,7,362,369
32,2020-03-26,5,361,366
33,2020-03-27,3,449,452
34,2020-03-28,8,408,416
35,2020-03-29,15,554,569
36,2020-03-30,44,535,579
37,2020-03-31,50,681,731
38,2020-04-01,56,645,701
39,2020-04-02,74,803,877
40,2020-04-03,81,693,774
41,2020-04-04,111,695,806
42,2020-04-05,85,551,636
43,2020-04-06,88,791,879
44,2020-04-07,77,714,791
45,2020-04-08,87,601,688
46,2020-04-09,102,646,748
47,2020-04-10,86,553,639
48,2020-04-11,77,587,664
49,2020-04-12,83,711,794
50,2020-04-13,98,866,964
51,2020-04-14,128,831,959
52,2020-04-15,231,870,1101
53,2020-04-16,117,849,966
54,2020-04-17,168,858,1026
55,2020-04-18,113,550,663
56,2020-04-19,95,726,821
57,2020-04-20,158,752,910
58,2020-04-21,115,689,804
59,2020-04-22,140,746,886
60,2020-04-23,152,756,908
61,2020-04-24,134,726,860
62,2020-04-25,95,663,758
63,2020-04-26,89,526,615
64,2020-04-27,125,788,913
65,2020-04-28,129,792,921
66,2020-04-29,123,779,902
67,2020-04-30,112,890,1002
68,2020-05-01,119,936,1055
69,2020-05-02,89,809,898
70,2020-05-03,81,718,799
71,2020-05-04,110,757,867
72,2020-05-05,127,767,894
73,2020-05-06,128,901,1029
74,2020-05-07,101,751,852
75,2020-05-08,91,686,777
76,2020-05-09,77,678,755
77,2020-05-10,56,596,652
78,2020-05-11,101,630,731
79,2020-05-12,131,663,794
80,2020-05-13,99,683,782
81,2020-05-14,71,631,702
82,2020-05-15,65,723,788
83,2020-05-16,72,624,696
84,2020-05-17,94,642,736
85,2020-05-18,78,591,669
86,2020-05-19,58,579,637
87,2020-05-20,74,728,802
88,2020-05-21,66,655,721
89,2020-05-22,45,561,606
90,2020-05-23,44,461,505
91,2020-05-24,59,487,546
92,2020-05-25,48,467,515
93,2020-05-26,54,395,449
94,2020-05-27,63,459,522
95,2020-05-28,43,370,413
96,2020-05-29,29,398,427
97,2020-05-30,19,378,397
98,2020-05-31,33,259,292
99,2020-06-01,37,291,328
100,2020-06-02,12,215,227
101,2020-06-03,27,248,275
102,2020-06-04,24,233,257
103,2020-06-05,27,221,248
104,2020-06-06,26,222,248
105,2020-06-07,16,173,189
106,2020-06-08,8,110,118
107,2020-06-09,10,154,164
108,2020-06-10,18,154,172
109,2020-06-11,12,142,154
110,2020-06-12,17,159,176
111,2020-06-13,17,107,124
112,2020-06-14,5,89,94
113,2020-06-15,10,100,110
114,2020-06-16,12,123,135
115,2020-06-17,9,112,121
116,2020-06-18,13,122,135
117,2020-06-19,18,116,134
118,2020-06-20,7,91,98
119,2020-06-21,1,77,78
120,2020-06-22,5,80,85
121,2020-06-23,0,92,92
122,2020-06-24,5,84,89
123,2020-06-25,6,83,89
124,2020-06-26,13,72,85
125,2020-06-27,3,85,88
126,2020-06-28,3,56,59
127,2020-06-29,6,55,61
128,2020-06-30,9,88,97
129,2020-07-01,1,72,73
130,2020-07-02,8,62,70
131,2020-07-03,4,86,90
132,2020-07-04,1,94,95
133,2020-07-05,8,47,55
134,2020-07-06,0,69,69
135,2020-07-07,3,105,108
136,2020-07-08,3,97,100
137,2020-07-09,3,129,132
138,2020-07-10,3,110,113
139,2020-07-11,4,97,101
140,2020-07-12,2,73,75
141,2020-07-13,7,132,139
142,2020-07-14,4,125,129
143,2020-07-15,8,139,147
144,2020-07-16,4,134,138
145,2020-07-17,7,189,196
146,2020-07-18,7,180,187
147,2020-07-19,1,131,132
148,2020-07-20,6,125,131
149,2020-07-21,6,146,152
150,2020-07-22,3,173,176
151,2020-07-23,7,183,190
152,2020-07-24,6,156,162
153,2020-07-25,4,157,161
154,2020-07-26,9,138,147
155,2020-07-27,3,84,87
156,2020-07-28,6,124,130
157,2020-07-29,15,164,179
158,2020-07-30,7,145,152
159,2020-07-31,7,129,136
160,2020-08-01,5,129,134
161,2020-08-02,4,88,92
162,2020-08-03,7,139,146
163,2020-08-04,3,146,149
164,2020-08-05,9,115,124
165,2020-08-06,8,86,94
166,2020-08-07,7,121,128
167,2020-08-08,8,106,114
168,2020-08-09,6,92,98
169,2020-08-10,7,94,101
170,2020-08-11,4,97,101
171,2020-08-12,3,89,92
172,2020-08-13,6,93,99
173,2020-08-14,6,71,77
174,2020-08-15,6,59,65
175,2020-08-16,1,42,43
176,2020-08-17,3,46,49
177,2020-08-18,2,79,81
178,2020-08-19,2,72,74
179,2020-08-20,3,104,107
180,2020-08-21,3,105,108
181,2020-08-22,1,71,72
182,2020-08-23,2,74,76
183,2020-08-24,3,41,44
184,2020-08-25,3,93,96
185,2020-08-26,3,124,127
186,2020-08-27,6,116,122
187,2020-08-28,2,108,110
188,2020-08-29,7,135,142
189,2020-08-30,3,116,119
190,2020-08-31,4,126,130
191,2020-09-01,9,144,153
192,2020-09-02,5,182,187
193,2020-09-03,9,216,225
194,2020-09-04,5,182,187
195,2020-09-05,5,194,199
196,2020-09-06,5,191,196
197,2020-09-07,10,180,190
198,2020-09-08,6,186,192
199,2020-09-09,10,240,250
200,2020-09-10,10,250,260
201,2020-09-11,10,301,311
202,2020-09-12,9,288,297
203,2020-09-13,12,308,320
204,2020-09-14,8,274,282
205,2020-09-15,14,313,327
206,2020-09-16,9,292,301
207,2020-09-17,6,349,355
208,2020-09-18,18,472,490
209,2020-09-19,18,482,500
210,2020-09-20,10,497,507
211,2020-09-21,13,468,481
212,2020-09-22,23,502,525
213,2020-09-23,30,658,688
214,2020-09-24,30,707,737
215,2020-09-25,29,712,741
216,2020-09-26,18,898,916
217,2020-09-27,29,827,856
218,2020-09-28,27,882,909
219,2020-09-29,21,941,962
220,2020-09-30,27,995,1022
221,2020-10-01,15,947,962
222,2020-10-02,24,1147,1171
223,2020-10-03,19,1144,1163
224,2020-10-04,10,1041,1051
225,2020-10-05,19,828,847
226,2020-10-06,28,977,1005
227,2020-10-07,25,956,981
228,2020-10-08,19,1078,1097
229,2020-10-09,18,1121,1139
230,2020-10-10,25,893,918
231,2020-10-11,20,1070,1090
232,2020-10-12,22,782,804
233,2020-10-13,23,934,957
234,2020-10-14,15,1083,1098
235,2020-10-15,10,1141,1151
236,2020-10-16,20,1125,1145
237,2020-10-17,22,1040,1062
238,2020-10-18,23,951,974
239,2020-10-19,17,838,855
240,2020-10-20,19,1020,1039
241,2020-10-21,11,979,990
242,2020-10-22,26,912,938
243,2020-10-23,10,1036,1046
244,2020-10-24,21,814,835
245,2020-10-25,12,820,832
246,2020-10-26,14,985,999
247,2020-10-27,26,951,977
248,2020-10-28,15,981,996
249,2020-10-29,21,1047,1068
250,2020-10-30,8,949,957
251,2020-10-31,14,971,985
252,2020-11-01,13,1013,1026
253,2020-11-02,16,886,902
254,2020-11-03,14,1053,1067
255,2020-11-04,15,1154,1169
256,2020-11-05,13,1262,1275
257,2020-11-06,12,1186,1198
258,2020-11-07,15,1228,1243
259,2020-11-08,11,1300,1311
260,2020-11-09,16,1193,1209
261,2020-11-10,13,1298,1311
262,2020-11-11,25,1374,1399
263,2020-11-12,17,1312,1329
264,2020-11-13,13,1372,1385
265,2020-11-14,15,1231,1246
266,2020-11-15,22,1101,1123
267,2020-11-16,22,1003,1025
268,2020-11-17,16,1110,1126
269,2020-11-18,17,1194,1211
270,2020-11-19,23,1288,1311
271,2020-11-20,14,1134,1148
272,2020-11-21,11,1113,1124
273,2020-11-22,21,1191,1212
274,2020-11-23,11,1071,1082
275,2020-11-24,11,1222,1233
276,2020-11-25,14,1385,1399
277,2020-11-26,15,1318,1333
278,2020-11-27,11,1264,1275
279,2020-11-28,15,1418,1433
280,2020-11-29,19,1364,1383
281,2020-11-30,23,1248,1271
282,2020-12-01,15,1516,1531
283,2020-12-02,17,1541,1558
284,2020-12-03,20,1485,1505
285,2020-12-04,24,1752,1776
286,2020-12-05,18,1634,1652
287,2020-12-06,24,1520,1544
288,2020-12-07,28,1606,1634
289,2020-12-08,17,1641,1658
290,2020-12-09,23,1732,1755
291,2020-12-10,27,1736,1763
292,2020-12-11,19,1905,1924
293,2020-12-12,23,1984,2007
294,2020-12-13,26,1734,1760
295,2020-12-14,20,1881,1901
296,2020-12-15,29,1765,1794
297,2020-12-16,18,2112,2130
298,2020-12-17,29,2301,2330
299,2020-12-18,23,2112,2135
300,2020-12-19,8,2058,2066
301,2020-12-20,23,1951,1974
302,2020-12-21,11,2108,2119
303,2020-12-22,22,2150,2172
304,2020-12-23,11,2236,2247
305,2020-12-24,8,2412,2420
306,2020-12-25,8,2315,2323
307,2020-12-26,15,2088,2103
308,2020-12-27,14,2150,2164
309,2020-12-28,9,2307,2316
310,2020-12-29,31,2844,2875
311,2020-12-30,29,2796,2825
312,2020-12-31,13,2529,2542
313,2021-01-01,22,2735,2757
314,2021-01-02,16,2393,2409
315,2021-01-03,19,2153,2172
316,2021-01-04,19,2541,2560
317,2021-01-05,17,2582,2599
318,2021-01-06,4,2878,2882
319,2021-01-07,7,2839,2846
320,2021-01-08,10,2749,2759
321,2021-01-09,14,2008,2022
322,2021-01-10,11,2029,2040
323,2021-01-11,13,1781,1794
324,2021-01-12,19,2187,2206
325,2021-01-13,15,2018,2033
326,2021-01-14,19,1963,1982
327,2021-01-15,17,1824,1841
328,2021-01-16,14,1924,1938
329,2021-01-17,15,1514,1529
330,2021-01-18,19,1328,1347
331,2021-01-19,8,1518,1526
332,2021-01-20,6,1582,1588
333,2021-01-21,12,1092,1104
